
1 2 78
1 2 80
1 2 102
1 2 103
1 2 51
1 2 99
1 2 89
1 2 81
1 2 79
1 2 72
1 2 116
1 2 70
1 2 49
1 2 111
1 2 117
1 2 53
1 2 115
1 2 85
1 2 109
1 2 69
1 2 122
1 2 86
1 2 101
1 2 68
1 2 118
1 2 67
1 2 119
1 2 84
1 2 50
1 2 57
1 2 48
1 2 100
1 2 95
1 2 65
1 2 66
1 2 77
1 2 106
1 2 54
1 2 112
1 2 87
1 2 75
1 2 104
1 2 105
1 2 82
1 2 121
1 2 52
1 2 113
1 2 120
1 2 73
1 2 56
1 2 88
1 2 90
1 2 55
1 2 71
1 2 98
1 2 107
1 2 108
1 2 110
1 2 76
1 2 83
1 2 114
1 2 97
1 2 74
22 23 78
22 23 80
22 23 102
22 23 103
22 23 51
22 23 99
22 23 89
22 23 81
22 23 79
22 23 72
22 23 116
22 23 70
22 23 49
22 23 111
22 23 117
22 23 53
22 23 115
22 23 85
22 23 109
22 23 69
22 23 122
22 23 86
22 23 101
22 23 68
22 23 118
22 23 67
22 23 119
22 23 84
22 23 50
22 23 57
22 23 48
22 23 100
22 23 95
22 23 65
22 23 66
22 23 77
22 23 106
22 23 54
22 23 112
22 23 87
22 23 75
22 23 104
22 23 105
22 23 82
22 23 121
22 23 52
22 23 113
22 23 120
22 23 73
22 23 56
22 23 88
22 23 90
22 23 55
22 23 71
22 23 98
22 23 107
22 23 108
22 23 110
22 23 76
22 23 83
22 23 114
22 23 97
22 23 74
0 1 101
2 3 109
3 4 97
4 5 105
5 6 108
6 7 32
7 8 119
8 9 97
9 10 115
10 11 32
11 12 109
12 13 101
13 14 97
14 15 110
15 16 116
16 17 32
17 18 102
18 19 111
19 20 114
20 21 32
21 22 64
